SPEED 0.004
EYE 775.614 119.203 -962.189
LOOKAT 775.162 118.861 -961.366

EYE 727.576 111.503 -886.685
LOOKAT 727.047 111.285 -885.865

EYE 647.941 116.89 -799.11
LOOKAT 647.161 116.942 -798.486

EYE 569.61 123.424 -758.239
LOOKAT 568.691 123.441 -757.846

EYE 493.67 120.477 -745.692
LOOKAT 492.718 120.499 -745.386

EYE 437.125 123.518 -682.658
LOOKAT 436.537 123.465 -681.851

EYE 422.243 125.478 -628.551
LOOKAT 422.442 125.494 -627.571

EYE 469.008 125.511 -555.318
LOOKAT 469.571 125.443 -554.494

EYE 487.147 123.997 -543.337
LOOKAT 488.135 123.924 -543.202

EYE 509.497 124.383 -549.042
LOOKAT 510.42 124.369 -549.427

EYE 573.412 122.77 -571.377
LOOKAT 574.351 122.774 -571.721

EYE 667.16 115.602 -559.301
LOOKAT 667.883 115.17 -558.762

EYE 677.898 112.727 -554.158
LOOKAT 678.333 112.161 -553.457

EYE 678.596 109.807 -550.048
LOOKAT 678.867 109.169 -549.328

EYE 681.076 108.406 -548.802
LOOKAT 681.354 107.804 -548.053

EYE 681.782 106.816 -546.815
LOOKAT 682.009 106.222 -546.043

EYE 681.254 106.428 -538.155
LOOKAT 681.034 106.268 -537.193

EYE 673.726 103.744 -520.264
LOOKAT 673.389 103.495 -519.356

EYE 670.037 100.707 -508.423
LOOKAT 669.912 100.458 -507.463

EYE 667.559 100.242 -499.779
LOOKAT 667.212 100.303 -498.843

EYE 646.1 108.272 -471.039
LOOKAT 645.451 108.54 -470.327

EYE 638.401 111.298 -463.542
LOOKAT 637.699 111.575 -462.887

EYE 634.868 112.699 -460.113
LOOKAT 634.105 113.062 -459.578

EYE 629.148 115.414 -456.091
LOOKAT 628.42 115.536 -455.416

EYE 624.596 115.52 -451.86
LOOKAT 623.659 115.384 -451.538

EYE 621.767 115.187 -450.251
LOOKAT 620.771 115.126 -450.181

EYE 620.816 115.509 -451.131
LOOKAT 619.834 115.477 -451.314

EYE 616.102 115.443 -451.948
LOOKAT 615.126 115.433 -452.165

EYE 616.102 115.443 -451.948
LOOKAT 615.49 115.587 -452.725

EYE 616.102 115.443 -451.948
LOOKAT 616.515 115.8 -452.786

EYE 616.102 115.443 -451.948
LOOKAT 616.692 115.864 -452.637

EYE 616.588 115.691 -452.394
LOOKAT 617.289 116.076 -452.994

EYE 617.608 116.214 -453.215
LOOKAT 618.331 116.585 -453.797

EYE 617.631 116.212 -453.219
LOOKAT 618.33 116.661 -453.776

EYE 619.002 117.011 -454.218
LOOKAT 619.734 117.437 -454.75

EYE 620.386 117.816 -455.222
LOOKAT 621.118 118.242 -455.754

EYE 621.508 117.311 -453.68
LOOKAT 622.414 117.426 -454.088

EYE 620.916 116.539 -453.189
LOOKAT 621.827 116.949 -453.147

EYE 622.817 116.209 -452.361
LOOKAT 623.708 115.935 -452

EYE 626.374 116.173 -448.822
LOOKAT 626.46 116.225 -447.827

EYE 626.879 116.336 -442.417
LOOKAT 626.974 116.648 -441.472

EYE 628.672 122.887 -429.062
LOOKAT 628.808 123.369 -428.196

EYE 621.782 137.664 -403.362
LOOKAT 621.069 138.093 -402.807

EYE 552.65 176.95 -348.167
LOOKAT 552.203 177.329 -347.357

EYE 536.463 206.778 -255.551
LOOKAT 536.424 206.891 -254.559

EYE 530.478 243.297 -155.894
LOOKAT 530.428 243.657 -154.962

EYE 525.852 278.3 -49.8794
LOOKAT 525.752 278.697 -48.9671

EYE 522.843 295.169 -12.9956
LOOKAT 522.151 295.529 -12.3694

EYE 512.05 311.665 12.4895
LOOKAT 511.11 311.954 12.6716

EYE 501.529 353.557 77.8458
LOOKAT 500.661 353.525 77.3503

EYE 496.88 388.893 136.485
LOOKAT 496.307 388.624 135.711

EYE 509.209 421.941 215.141
LOOKAT 508.851 421.639 214.258

EYE 512.368 422.485 219.226
LOOKAT 511.998 422.158 218.356

EYE 512.368 422.485 219.226
LOOKAT 511.702 422.308 218.5

EYE 512.368 422.485 219.226
LOOKAT 511.419 422.323 218.954

EYE 467.491 413.483 208.512
LOOKAT 466.544 413.242 208.297

EYE 390.861 393.888 191.281
LOOKAT 389.914 393.638 191.08

EYE 258.802 347.349 159.858
LOOKAT 257.903 346.981 159.624

EYE 195.737 318.885 143.873
LOOKAT 195.067 318.166 143.688

EYE 148.384 300.902 122.276
LOOKAT 147.808 300.096 122.139

EYE 88.0481 289.219 88.662
LOOKAT 87.2577 289.311 88.0564

EYE 43.713 308.972 48.1022
LOOKAT 42.8871 309.004 47.5393

EYE -29.0075 299.459 10.0961
LOOKAT -29.8829 299.253 9.65885

EYE -95.9981 303.631 -92.4124
LOOKAT -96.2181 303.709 -93.3848

EYE -87.0471 302.635 -144.05
LOOKAT -86.4644 302.496 -144.851

EYE -54.3573 279.517 -189.126
LOOKAT -53.8781 279.127 -189.912

EYE -28.8769 251.167 -225.788
LOOKAT -28.4257 250.574 -226.454

EYE -7.77949 218.425 -257.026
LOOKAT -7.3858 217.678 -257.561

EYE 2.46207 205.247 -268.012
LOOKAT 3.08045 204.708 -268.583

EYE 10.4565 200.5 -275.378
LOOKAT 11.1013 200.267 -276.106

EYE 23.4454 196.045 -292.392
LOOKAT 24.1113 196.095 -293.136

EYE 32.1137 195.573 -301.788
LOOKAT 32.8064 195.94 -302.409

EYE 44.7209 193.143 -316.916
LOOKAT 45.3914 193.623 -317.482

EYE 54.6698 191.692 -329.76
LOOKAT 55.298 192.24 -330.312

EYE 66.8268 189.688 -347.49
LOOKAT 67.4763 190.209 -348.041

EYE 83.6636 186.836 -372.241
LOOKAT 84.3517 187.307 -372.793

EYE 102.229 186.091 -388.871
LOOKAT 102.83 186.626 -389.464

EYE 118.655 190.922 -397.207
LOOKAT 119.462 190.793 -397.782

EYE 151.906 185.463 -422.798
LOOKAT 152.663 185.348 -423.441

EYE 171.734 182.261 -441.161
LOOKAT 172.53 182.221 -441.765

EYE 195.229 181.352 -458.54
LOOKAT 196.079 181.352 -459.067

EYE 212.482 182.512 -465.681
LOOKAT 213.406 182.576 -466.058

EYE 243.611 184.383 -477.133
LOOKAT 244.548 184.504 -477.462

EYE 276.962 188.551 -487.117
LOOKAT 277.931 188.642 -487.347

EYE 299.226 191.771 -487.834
LOOKAT 300.205 191.931 -487.714

EYE 310.289 193.491 -486.99
LOOKAT 311.275 193.652 -486.949

EYE 320.527 194.251 -486.633
LOOKAT 321.526 194.202 -486.616

EYE 331.837 192.764 -486.54
LOOKAT 332.812 192.542 -486.538

EYE 355.554 185.689 -486.496
LOOKAT 356.488 185.334 -486.484

EYE 392.271 174.169 -479.903
LOOKAT 393.201 173.913 -479.639

EYE 451.746 145.394 -451.008
LOOKAT 452.658 144.989 -450.941

EYE 499.868 129.21 -432.111
LOOKAT 500.798 129.039 -432.436

EYE 559.544 127.743 -426.581
LOOKAT 560.465 127.576 -426.934

EYE 593.161 123.619 -428.154
LOOKAT 593.924 123.432 -428.772

EYE 620.742 122.587 -428.032
LOOKAT 621.613 122.376 -428.475

EYE 628.424 117.07 -441.623
LOOKAT 628.566 116.889 -442.597
EYE 628.792 116.255 -448.95
LOOKAT 628.177 116.191 -449.736

EYE 625.669 115.844 -451.69
LOOKAT 624.672 115.763 -451.696

EYE 620.362 115.693 -449.758
LOOKAT 619.767 115.687 -448.954

EYE 618.464 115.897 -445.228
LOOKAT 617.485 115.722 -445.121

EYE 616.348 116.394 -446.361
LOOKAT 616.33 116.733 -447.302

EYE 616.771 118.174 -449.626
LOOKAT 616.729 118.643 -450.508

EYE 617.713 119.45 -451.412
LOOKAT 618.67 119.642 -451.196

EYE 619.083 119.542 -448.61
LOOKAT 620.08 119.611 -448.608

EYE 621.099 119.742 -449.007
LOOKAT 621.952 119.836 -449.521

EYE 622.681 119.932 -450.261
LOOKAT 623.403 120.026 -450.947

EYE 622.681 119.932 -450.261
LOOKAT 623.403 120.026 -450.947
